Tiempo				Temperatura(C)		Altitud(M)		Presión(PSI)
2009 01 20::12:45:40:160	-107.01046		1233.37979*		3252078.26978
2009 01 20::12:45:40:410	-105.77905		1233.37979*		-12841.85581
2009 01 20::12:45:40:660	-100.60373		1233.37979*		3368538.49685
2009 01 20::12:45:40:910	-98.69245		1233.37979		52.16713
2009 01 20::12:45:41:129	-113.45668		1358.89787*		-13183.81354
2009 01 20::12:45:41:160	-91.54771		1484.41594		52.37941
2009 01 20::12:45:41:379	-113.13155		1523.27613*		-13306.57932
2009 01 20::12:45:41:410	-90.23946		1562.13631		52.57851
2009 01 20::12:45:41:629	-112.21201		3864.0661		52.96179
2009 01 20::12:45:41:660	-86.53853		4089.46997*		-13714.83266
2009 01 20::12:45:41:879	-111.47842		4089.46997*		-13555.22645
2009 01 20::12:45:41:910	-85.92149		4089.46997*		-13862.17185
2009 01 20::12:45:42:129	-106.91612		4314.87383		53.30885
2009 01 20::12:45:42:160	-76.86516		3703.32579*		-13927.19569
2009 01 20::12:45:42:379	-106.81071		3703.32579*		-13645.75041
2009 01 20::12:45:42:410	-74.42775		3091.77775		56.07981
2009 01 20::12:45:42:629	-101.94417		6104.55851		54.16294
2009 01 20::12:45:42:660	-71.89998		3094.10487		56.10541
2009 01 20::12:45:42:879	-99.81249		3873.63079*		3598494.32705
2009 01 20::12:45:42:910	-70.9217		4653.15671		56.13946
2009 01 20::12:45:43:129	-98.01055		4692.13907*		-14201.64242
2009 01 20::12:45:43:160	-62.08269		4731.12143		56.29856
2009 01 20::12:45:43:379	-97.29087		5182.63559*		-14273.70432
2009 01 20::12:45:43:410	-56.75052		5634.14974		56.77677
2009 01 20::12:45:43:629	-96.38396		10098.34074		56.26569
2009 01 20::12:45:43:660	-52.30735		6900.38389		56.94927
2009 01 20::12:45:43:879	-96.14631		10135.05378		56.34602
2009 01 20::12:45:43:910	-48.17737		7828.6021		56.97244
2009 01 20::12:45:44:129	-95.96468		12241.3614		56.63028
2009 01 20::12:45:44:160	-47.54051		8182.87747		56.9946
2009 01 20::12:45:44:379	-95.51021		13383.48037		56.73996
2009 01 20::12:45:44:410	-46.90015		8220.42521		58.51654
2009 01 20::12:45:44:629	-90.27627		13769.92309		59.37458
2009 01 20::12:45:44:660	-42.99942		9017.74056		58.79048
2009 01 20::12:45:44:879	-88.07993		13947.87581		60.85111
2009 01 20::12:45:44:910	-38.55404		9055.73171		58.92965
2009 01 20::12:45:45:129	-86.21838		14346.51177		62.19545
2009 01 20::12:45:45:160	-36.60993		9352.22783		59.53525
2009 01 20::12:45:45:379	-85.86835		14923.67064		62.97866
2009 01 20::12:45:45:410	-35.73177		9463.65085		59.89045
2009 01 20::12:45:45:629	-82.28616		15184.50945		63.49149
2009 01 20::12:45:45:660	-31.53307		9768.24089		60.73088
2009 01 20::12:45:45:879	-78.51817		15944.30357		64.79866
2009 01 20::12:45:45:910	-27.95613		10002.42333		60.78193
2009 01 20::12:45:46:129	-75.76943		16166.06011		65.70431
2009 01 20::12:45:46:160	-25.59762		10741.0346		60.96974
2009 01 20::12:45:46:379	-75.2011		17097.48242		66.13111
2009 01 20::12:45:46:410	-24.49887		10982.16495		61.9004
2009 01 20::12:45:46:629	-73.45828		18468.99964		67.77098
2009 01 20::12:45:46:660	-21.13326		11499.75991		62.28943
2009 01 20::12:45:46:879	-72.47012		19324.5321		68.20325
2009 01 20::12:45:46:910	-20.06617		12284.75044		62.31625
2009 01 20::12:45:47:129	-69.14067		20366.50406		68.42243
2009 01 20::12:45:47:160	-18.67826		13206.19265		62.52982
2009 01 20::12:45:47:379	-68.35893		20538.06446		68.44215
2009 01 20::12:45:47:410	-18.17054		13398.91273		62.73661
2009 01 20::12:45:47:629	-63.61101		21268.74085		68.94901
2009 01 20::12:45:47:660	-16.81951		13825.56423		63.44534
2009 01 20::12:45:47:879	-59.71263		21485.60119		69.47308
2009 01 20::12:45:47:910	-16.64639		14801.14055		65.81324
2009 01 20::12:45:48:129	-53.46308		21868.07818		69.53433
2009 01 20::12:45:48:160	-13.01329		15657.19005		65.82139
2009 01 20::12:45:48:379	-49.2189		21992.80439		69.61355
2009 01 20::12:45:48:410	-12.8422		15797.72268		67.09262
2009 01 20::12:45:48:629	-48.20843		22596.03849		71.19311
2009 01 20::12:45:48:660	-11.22789		15937.48601		67.30402
2009 01 20::12:45:48:879	-44.7463		23422.95563		72.18629
2009 01 20::12:45:48:910	-6.9983		16843.84605		68.775
2009 01 20::12:45:49:129	-43.55775		24209.09798		73.02414
2009 01 20::12:45:49:160	-1.2285		17818.93825		69.39847
2009 01 20::12:45:49:379	-40.92783		24285.91706		73.02828
2009 01 20::12:45:49:410	2.8863		18989.13072		69.42186
2009 01 20::12:45:49:629	-39.11138		24694.44989		74.21555
2009 01 20::12:45:49:660	3.24156		20928.92622		69.6657
2009 01 20::12:45:49:879	-38.30051		25176.45558		74.80749
2009 01 20::12:45:49:910	10.34564		21143.61887		71.39101
2009 01 20::12:45:50:129	-36.53961		26325.08842		74.84869
2009 01 20::12:45:50:160	10.35624		21698.3606		71.51887
2009 01 20::12:45:50:379	-31.33536		26424.82694		75.1435
2009 01 20::12:45:50:410	10.59146		22233.27035		71.53278
2009 01 20::12:45:50:629	-21.73762		26464.68547		75.25289
2009 01 20::12:45:50:660	16.86142		24220.7616		72.21323
2009 01 20::12:45:50:879	-21.57033		26516.84048		75.77635
2009 01 20::12:45:50:910	17.13624		24356.17657		72.83606
2009 01 20::12:45:51:129	-19.38796		26715.87084		76.08582
2009 01 20::12:45:51:160	17.32631		25168.37726		74.02411
2009 01 20::12:45:51:395	-14.37636		26873.80984		76.3302
2009 01 20::12:45:51:410	17.68046		25455.48402		74.71673
2009 01 20::12:45:51:645	-6.55327		27269.26165		77.00828
2009 01 20::12:45:51:660	18.82434		27023.45972		77.77517
2009 01 20::12:45:51:895	-3.37199		27737.07757		77.28285
2009 01 20::12:45:51:910	19.23649		27442.90618		78.11574
2009 01 20::12:45:52:145	-3.09359		28805.08118		78.50409
2009 01 20::12:45:52:160	24.26601		28578.67501		78.43849
2009 01 20::12:45:52:395	4.783		28828.21457		78.7776
2009 01 20::12:45:52:410	24.36868		28848.91809		79.63122
2009 01 20::12:45:52:645	6.36041		29829.45114		79.37653
2009 01 20::12:45:52:895	6.83718		29990.4434		79.49657
2009 01 20::12:45:53:145	20.08661		30192.24496		79.57412
2009 01 20::12:45:53:395	21.5639		30263.59797		79.64665
