Tiempo				Temperatura(C)		Altitud(M)
2009 01 16::02:36:42:444	2009 01 16::02:36:42:444	0.04867		733.69026
-17.75074		733.69026
2009 01 16::02:36:42:741	2009 01 16::02:36:42:741	0.07119		1225.5273
-17.73823		1225.5273
2009 01 16::02:36:42:991	2009 01 16::02:36:42:991	0.19082		1825.69294
-17.67177		1825.69294
2009 01 16::02:36:43:241	2009 01 16::02:36:43:241	0.21571		3019.3094
-17.65794		3019.3094
2009 01 16::02:36:43:491	2009 01 16::02:36:43:491	0.38306		4287.03736
-17.56496		4287.03736
2009 01 16::02:36:43:741	2009 01 16::02:36:43:741	0.49016		4638.70681
-17.50547		4638.70681
2009 01 16::02:36:43:991	2009 01 16::02:36:43:991	0.58302		5837.1943
-17.45388		5837.1943
2009 01 16::02:36:44:241	2009 01 16::02:36:44:241	0.62514		6297.64178
-17.43048		6297.64178
2009 01 16::02:36:44:491	2009 01 16::02:36:44:491	0.62771		7657.59031
-17.42905		7657.59031
2009 01 16::02:36:44:741	2009 01 16::02:36:44:741	0.81166		9598.9776
-17.32685		9598.9776
2009 01 16::02:36:44:991	2009 01 16::02:36:44:991	0.91466		12881.1231
-17.26963		12881.1231
2009 01 16::02:36:45:241	2009 01 16::02:36:45:241	0.93572		13960.75243
-17.25793		13960.75243
2009 01 16::02:36:45:491	2009 01 16::02:36:45:491	1.5315		14357.67622
-16.92694		14357.67622
2009 01 16::02:36:45:741	2009 01 16::02:36:45:741	1.5441		14512.91454
-16.91994		14512.91454
2009 01 16::02:36:45:991	2009 01 16::02:36:45:991	1.56896		15000.07451
-16.90613		15000.07451
2009 01 16::02:36:46:241	2009 01 16::02:36:46:241	1.66988		15262.7024
-16.85007		15262.7024
2009 01 16::02:36:46:491	2009 01 16::02:36:46:491	1.86249		15488.56986
-16.74306		15488.56986
2009 01 16::02:36:46:741	2009 01 16::02:36:46:741	1.90334		15760.65822
-16.72036		15760.65822
2009 01 16::02:36:46:991	2009 01 16::02:36:46:991	2.12305		15784.98182
-16.59831		15784.98182
2009 01 16::02:36:47:241	2009 01 16::02:36:47:241	2.6757		16238.7443
-16.29128		16238.7443
2009 01 16::02:36:47:491	2009 01 16::02:36:47:491	3.03178		16995.02018
-16.09345		16995.02018
2009 01 16::02:36:47:757	2009 01 16::02:36:47:757	3.49418		17337.96815
-15.83657		17337.96815
2009 01 16::02:36:48:007	2009 01 16::02:36:48:007	3.66431		17995.06429
-15.74205		17995.06429
2009 01 16::02:36:48:257	2009 01 16::02:36:48:257	3.69456		20760.21776
-15.72525		20760.21776
2009 01 16::02:36:48:507	2009 01 16::02:36:48:507	3.80117		21902.63266
-15.66602		21902.63266
2009 01 16::02:36:48:757	2009 01 16::02:36:48:757	3.96716		22392.77749
-15.5738		22392.77749
2009 01 16::02:36:49:007	2009 01 16::02:36:49:007	4.04921		23897.10732
-15.52822		23897.10732
2009 01 16::02:36:49:257	2009 01 16::02:36:49:257	4.58983		24073.85611
-15.22787		24073.85611
2009 01 16::02:36:49:507	2009 01 16::02:36:49:507	4.69862		24105.64706
-15.16743		24105.64706
2009 01 16::02:36:49:757	2009 01 16::02:36:49:757	5.03337		24143.38067
-14.98146		24143.38067
2009 01 16::02:36:50:007	2009 01 16::02:36:50:007	5.14078		24398.9527
-14.92179		24398.9527
2009 01 16::02:36:50:257	2009 01 16::02:36:50:257	5.21959		26581.0235
-14.87801		26581.0235
2009 01 16::02:36:50:507	2009 01 16::02:36:50:507	5.28016		27484.38265
-14.84435		27484.38265
2009 01 16::02:36:50:757	2009 01 16::02:36:50:757	5.48323		28317.46155
-14.73154		28317.46155
2009 01 16::02:36:51:007	2009 01 16::02:36:51:007	5.56661		29190.62181
-14.68522		29190.62181
2009 01 16::02:36:51:257	2009 01 16::02:36:51:257	6.17705		29270.27335
-14.34609		29270.27335
2009 01 16::02:36:51:507	2009 01 16::02:36:51:507	6.18707		30484.37707
-14.34052		30484.37707
2009 01 16::02:36:51:757	2009 01 16::02:36:51:757	6.36865		32427.04149
-14.23964		32427.04149
2009 01 16::02:36:52:007	2009 01 16::02:36:52:007	6.51887		33449.0281
-14.15618		33449.0281
2009 01 16::02:36:52:257	2009 01 16::02:36:52:257	6.60397		36539.58647
-14.10891		36539.58647
2009 01 16::02:36:52:507	2009 01 16::02:36:52:507	6.6268		36690.84814
-14.09622		36690.84814
2009 01 16::02:36:52:757	2009 01 16::02:36:52:757	6.9392		39355.45364
-13.92267		39355.45364
2009 01 16::02:36:53:007	2009 01 16::02:36:53:007	7.17458		41716.74169
-13.7919		41716.74169
2009 01 16::02:36:53:257	2009 01 16::02:36:53:257	7.19317		42316.59827
-13.78157		42316.59827
2009 01 16::02:36:53:507	2009 01 16::02:36:53:507	7.37216		45544.47944
-13.68213		45544.47944
2009 01 16::02:36:53:757	2009 01 16::02:36:53:757	7.53988		46970.03859
-13.58896		46970.03859
2009 01 16::02:36:54:007	2009 01 16::02:36:54:007	7.8864		47035.61112
-13.39645		47035.61112
2009 01 16::02:36:54:257	2009 01 16::02:36:54:257	8.0992		47238.72281
-13.27822		47238.72281
2009 01 16::02:36:54:507	2009 01 16::02:36:54:507	8.39352		47683.16279
-13.11471		47683.16279
2009 01 16::02:36:54:757	2009 01 16::02:36:54:757	9.03229		48206.9539
-12.75984		48206.9539
2009 01 16::02:36:55:007	2009 01 16::02:36:55:007	9.03862		48446.33674
-12.75632		48446.33674
2009 01 16::02:36:55:257	2009 01 16::02:36:55:257	9.14039		50223.32444
-12.69978		50223.32444
2009 01 16::02:36:55:507	2009 01 16::02:36:55:507	9.16948		50860.88328
-12.68362		50860.88328
2009 01 16::02:36:55:757	2009 01 16::02:36:55:757	9.27773		51632.80228
-12.62348		51632.80228
2009 01 16::02:36:56:023	2009 01 16::02:36:56:023	9.57043		51786.13543
-12.46087		51786.13543
2009 01 16::02:36:56:273	2009 01 16::02:36:56:273	9.72972		52700.71804
-12.37238		52700.71804
2009 01 16::02:36:56:523	2009 01 16::02:36:56:523	9.98191		53061.35185
-12.23227		53061.35185
2009 01 16::02:36:56:773	2009 01 16::02:36:56:773	10.16403		53749.07031
-12.13109		53749.07031
2009 01 16::02:36:57:023	2009 01 16::02:36:57:023	10.74464		55326.45555
-11.80854		55326.45555
2009 01 16::02:36:57:273	2009 01 16::02:36:57:273	11.02364		56653.4658
-11.65353		56653.4658
2009 01 16::02:36:57:523	2009 01 16::02:36:57:523	11.68018		59068.89296
-11.28879		59068.89296
2009 01 16::02:36:57:773	2009 01 16::02:36:57:773	11.8922		59251.88642
-11.171		59251.88642
2009 01 16::02:36:58:023	2009 01 16::02:36:58:023	11.91795		60004.91946
-11.1567		60004.91946
2009 01 16::02:36:58:273	2009 01 16::02:36:58:273	11.98167		62200.91467
-11.12129		62200.91467
2009 01 16::02:36:58:523	2009 01 16::02:36:58:523	12.57972		63566.93681
-10.78904		63566.93681
2009 01 16::02:36:58:773	2009 01 16::02:36:58:773	12.58614		68651.81966
-10.78548		68651.81966
2009 01 16::02:36:59:023	2009 01 16::02:36:59:023	12.58821		70021.84636
-10.78433		70021.84636
2009 01 16::02:36:59:273	2009 01 16::02:36:59:273	12.6597		70694.34996
-10.74461		70694.34996
2009 01 16::02:36:59:523	2009 01 16::02:36:59:523	12.93262		72768.06615
-10.59299		72768.06615
2009 01 16::02:36:59:773	2009 01 16::02:36:59:773	13.14469		73187.89163
-10.47517		73187.89163
2009 01 16::02:37:00:023	2009 01 16::02:37:00:023	13.38678		74546.99789
-10.34068		74546.99789
2009 01 16::02:37:00:273	2009 01 16::02:37:00:273	13.50172		74984.82756
-10.27682		74984.82756
2009 01 16::02:37:00:523	2009 01 16::02:37:00:523	13.55322		76268.55892
-10.24821		76268.55892
2009 01 16::02:37:00:773	2009 01 16::02:37:00:773	13.56225		76383.20861
-10.24319		76383.20861
2009 01 16::02:37:01:023	2009 01 16::02:37:01:023	13.86558		76529.2963
-10.07468		76529.2963
2009 01 16::02:37:01:273	2009 01 16::02:37:01:273	13.87368		76990.25581
-10.07018		76990.25581
2009 01 16::02:37:01:523	2009 01 16::02:37:01:523	13.95627		77366.67731
-10.02429		77366.67731
2009 01 16::02:37:01:773	2009 01 16::02:37:01:773	14.01079		77694.70312
-9.994		77694.70312
2009 01 16::02:37:02:023	2009 01 16::02:37:02:023	14.54744		78162.72896
-9.69587		78162.72896
2009 01 16::02:37:02:273	2009 01 16::02:37:02:273	14.55406		78659.41159
-9.69219		78659.41159
2009 01 16::02:37:02:523	2009 01 16::02:37:02:523	14.60878		78868.16115
-9.66179		78868.16115
2009 01 16::02:37:02:773	2009 01 16::02:37:02:773	14.6481		79543.47291
-9.63994		79543.47291
2009 01 16::02:37:03:023	2009 01 16::02:37:03:023	14.84883		81967.33023
-9.52843		81967.33023
2009 01 16::02:37:03:273	2009 01 16::02:37:03:273	14.87872		87541.40443
-9.51182		87541.40443
2009 01 16::02:37:03:523	2009 01 16::02:37:03:523	15.23063		89264.22595
-9.31632		89264.22595
2009 01 16::02:37:03:773	2009 01 16::02:37:03:773	15.46485		89396.64351
-9.18619		89396.64351
2009 01 16::02:37:04:023	2009 01 16::02:37:04:023	15.7163		90253.17952
-9.0465		90253.17952
2009 01 16::02:37:04:273	2009 01 16::02:37:04:273	15.73905		91183.47402
-9.03386		91183.47402
2009 01 16::02:37:04:538	2009 01 16::02:37:04:538	16.39699		92554.55727
-8.66834		92554.55727
2009 01 16::02:37:04:788	2009 01 16::02:37:04:788	16.55275		92674.03758
-8.58181		92674.03758
2009 01 16::02:37:05:038	2009 01 16::02:37:05:038	16.617		93036.76085
-8.54611		93036.76085
2009 01 16::02:37:05:288	2009 01 16::02:37:05:288	16.90486		93498.88754
-8.38619		93498.88754
2009 01 16::02:37:05:538	2009 01 16::02:37:05:538	17.14284		93991.8432
-8.25398		93991.8432
2009 01 16::02:37:05:788	2009 01 16::02:37:05:788	17.24311		95476.16752
-8.19827		95476.16752
2009 01 16::02:37:06:038	2009 01 16::02:37:06:038	18.43182		96070.73781
-7.53788		96070.73781
2009 01 16::02:37:06:288	2009 01 16::02:37:06:288	18.46994		96349.58228
-7.5167		96349.58228
2009 01 16::02:37:06:538	2009 01 16::02:37:06:538	18.73212		97835.23675
-7.37105		97835.23675
2009 01 16::02:37:06:788	2009 01 16::02:37:06:788	18.90437		98461.05865
-7.27535		98461.05865
2009 01 16::02:37:07:038	2009 01 16::02:37:07:038	19.28992		98974.34512
-7.06115		98974.34512
2009 01 16::02:37:07:288	2009 01 16::02:37:07:288	19.72306		99433.97483
-6.82052		99433.97483
